year,genre,danceability,energy,valence,tempo,loudness,mode,key,acousticness,instrumentalness,liveness,speechiness,duration_ms,popularity,cnt
1926,Pop/Rock,0.521,0.539,0.8059999999999999,93.412,-9.161,1.0,4.0,0.9690000000000001,0.000575,0.946,0.508,180813.0,3.0,1
1931,Pop/Rock,0.47512499999999996,0.1582375,0.32249999999999995,122.26925,-14.007375000000001,0.5,5.25,0.889625,0.00242025125,0.1155375,0.058850000000000006,174035.75,1.0,8
1941,Pop/Rock,0.575,0.495,0.726,143.95,-13.492,1.0,1.0,0.267,0.0,0.28300000000000003,0.055999999999999994,136707.0,0.0,1
1946,Pop/Rock,0.4588795180722892,0.42193855421686727,0.62529156626506,112.07621686746985,-11.3544578313253,0.5783132530120482,4.72289156626506,0.6871409638554216,0.02076650843373494,0.21555060240963855,0.04237951807228915,159284.578313253,3.072289156626506,83
1951,Pop/Rock,0.5135,0.3347,0.645,102.64533333333333,-14.031,0.8333333333333334,7.166666666666667,0.8759999999999999,0.21933116833333335,0.23916666666666667,0.09983333333333334,158948.16666666666,0.8333333333333334,6
1956,Pop/Rock,0.67025,0.6609999999999999,0.8430000000000001,104.99425000000001,-8.40275,1.0,6.5,0.7371249999999999,0.12129379375,0.154575,0.2192875,113246.875,4.875,8
1961,Pop/Rock,0.5485539682539683,0.48600365079365115,0.6815733333333328,115.30386507936502,-11.14079682539683,0.8682539682539683,4.7253968253968255,0.6841800793650795,0.05314026079365082,0.18908095238095238,0.057153174603174484,149017.66666666666,26.204761904761906,630
1966,Pop/Rock,0.5212530737704923,0.5566552100409838,0.6853615266393474,121.85387961065571,-10.090201844262298,0.8360655737704918,5.147540983606557,0.519996009118852,0.0875648881762295,0.21530819672131155,0.052187243852458924,157991.8155737705,27.074282786885245,1952
1971,Pop/Rock,0.48317337487019824,0.5190240477673936,0.551470633437176,118.70137881619927,-11.32364652128763,0.787331256490135,5.197092419522326,0.40030484075597134,0.1075885069968847,0.21572116303219122,0.05107293873312556,223752.71775700935,33.10841121495327,4815
1976,Pop/Rock,0.4904981424741491,0.5418664726158567,0.5581128686327095,121.82236901570283,-11.492998276522387,0.793757181156645,5.007659900421294,0.3784720440425116,0.09795889945614714,0.22615181922634975,0.053348353121409384,257827.8291842206,35.163347376484104,5222
1981,Pop/Rock,0.5156092198581561,0.6364614983202701,0.5766022583053395,125.73568085106378,-9.982681784247836,0.7569988801791714,5.122247107129526,0.23514192910600928,0.10093644723217628,0.24410365808137335,0.058057297499066685,248098.41937290033,35.99701381112355,5358
1986,Pop/Rock,0.5173617191870212,0.6914406658586583,0.5643790788737647,125.79019746410543,-9.954040835353346,0.700727204922618,5.2616073093417866,0.17857334063024513,0.11396576603953039,0.22360290881968994,0.05885774752936797,245408.3056125303,36.13276151407794,5363
1991,Pop/Rock,0.5001412262156457,0.7023190380549704,0.5192391754756855,123.67378160676515,-9.821589429175486,0.7243128964059197,5.3249471458773785,0.16895043098308707,0.09733077145031722,0.22648860465116297,0.05711031712473573,256816.1492600423,38.8676532769556,4730
1996,Pop/Rock,0.48383212283044136,0.6776876152202944,0.4854064619492656,123.46037757009374,-9.25953858477971,0.7551401869158878,5.258477970627504,0.17473789780507354,0.12109592687850486,0.21345166889185554,0.0587535380507344,256461.77810413885,43.110013351134846,3745
2001,Pop/Rock,0.5086684927450407,0.7161743382291973,0.5014044714243404,122.01040183594905,-7.497572105419027,0.7281610897246077,5.260882440035535,0.1723772061830024,0.09779481599052409,0.21908309150133257,0.06517379330766958,246373.56114894876,46.20432336393248,3377
2006,Pop/Rock,0.5070691900476436,0.7402137268395995,0.4836646903123342,126.19174960296465,-6.408270513499191,0.7040762308099524,5.232133403917417,0.16650211119639982,0.07537213440444679,0.1989219428268925,0.0654563525674962,239190.44150344096,49.06590788777131,3778
2011,Pop/Rock,0.517752550584213,0.7472614135081214,0.4772374750641204,127.07811855229374,-5.920551439156454,0.6896551724137931,5.222285551439157,0.16016519579937263,0.0541805704046736,0.20232125961812505,0.06563790253633522,239340.66144200627,51.46907950983186,3509
2016,Pop/Rock,0.547877070552148,0.6972799846625761,0.45800743865030685,122.88521587423313,-6.338181748466268,0.6721625766871165,5.075920245398773,0.1970858809662576,0.042888601963190165,0.18902565184049114,0.06371319018404902,234056.82323619633,56.842791411042946,2608
2021,Pop/Rock,0.5963896825396825,0.6147528571428561,0.44742603174603146,118.95443650793658,-6.687082539682534,0.6587301587301587,5.2896825396825395,0.2546912129365081,0.025962007650793664,0.17712198412698427,0.07754452380952379,219727.55714285714,66.61984126984127,1260
1931,R&B;,0.6705,0.642,0.8145,103.00999999999999,-11.271999999999998,0.0,5.0,0.6695,0.24839999999999998,0.1085,0.050350000000000006,153913.0,1.0,2
1936,R&B;,0.556,0.47600000000000003,0.73,171.03400000000002,-6.766,1.0,10.0,0.9590000000000001,0.0024,0.242,0.0778,132733.0,0.0,1
1941,R&B;,0.648,0.35600000000000004,0.529,86.735,-13.917,0.0,7.0,0.8959999999999999,3.5600000000000005e-05,0.11,0.0837,186160.0,3.0,1
1946,R&B;,0.5106666666666667,0.4093333333333333,0.34900000000000003,100.135,-9.241999999999999,0.3333333333333333,6.333333333333333,0.6233333333333333,0.0043369333333333334,0.11066666666666668,0.052333333333333336,201706.66666666666,7.0,3
1951,R&B;,0.438,0.18703846153846154,0.30766923076923075,113.99569230769232,-14.192846153846151,0.6923076923076923,5.153846153846154,0.9146923076923078,0.07397397692307693,0.22893846153846154,0.05190769230769231,170612.38461538462,4.230769230769231,13
1956,R&B;,0.42280487804878053,0.09326829268292681,0.20811463414634146,102.91634146341467,-17.641000000000002,0.8048780487804879,5.365853658536586,0.9646097560975609,0.030913779024390242,0.21532926829268292,0.06718048780487805,144039.1219512195,8.146341463414634,41
1961,R&B;,0.5027789256198346,0.40799359504132204,0.6128078512396692,114.67631198347107,-11.111097107438004,0.8471074380165289,5.270661157024794,0.7509419628099175,0.012925440206611561,0.21054421487603314,0.057059710743801624,164774.64049586776,20.820247933884296,484
1966,R&B;,0.5435610302351627,0.47210291153415473,0.6570040313549836,119.35839081746903,-10.099502799552079,0.7984322508398656,4.952967525195969,0.6280000548712198,0.01928841172452408,0.24259148936170238,0.050163381858902525,169154.96976483762,24.18253079507279,893
1971,R&B;,0.5724805615550755,0.5113605831533479,0.6758869330453573,119.28394708423325,-10.828697624190065,0.7613390928725702,5.215982721382289,0.3941105356371486,0.046160812980561565,0.20432580993520483,0.0535965442764579,197158.7019438445,31.62526997840173,926
1976,R&B;,0.5784536398467427,0.5474816858237553,0.6478114176245207,116.83456091954028,-10.954930268199233,0.6114942528735632,5.190804597701149,0.4150742015325674,0.08280865532567057,0.21279203065134114,0.06518091954022981,263427.6337164751,34.51800766283525,1305
1981,R&B;,0.6381234177215188,0.5910413502109712,0.6940108649789031,117.7793575949367,-11.173818565400854,0.5833333333333334,5.336497890295359,0.29610051497890316,0.06720746817510552,0.19081613924050608,0.06327858649789034,298709.0411392405,35.47784810126582,948
1986,R&B;,0.6957697947214081,0.5761253665689146,0.6884266862170084,116.54165835777121,-10.52157038123167,0.5967741935483871,5.422287390029325,0.2548581052785922,0.03048786945747799,0.16624193548387087,0.05900190615835777,305362.26832844573,36.888563049853374,682
1991,R&B;,0.6583466003316744,0.5504477611940296,0.6346051409618569,115.82079104477623,-11.334945273631844,0.6218905472636815,5.597014925373134,0.3021645406301827,0.027048118756218906,0.1652850746268656,0.05212686567164176,282026.3101160862,39.2620232172471,603
1996,R&B;,0.6504489003880974,0.5485579560155234,0.5869011642949546,117.03907503234151,-9.996890038809823,0.6028460543337646,5.60025873221216,0.2898013981888743,0.03379180432082797,0.17578163001293634,0.06106248382923673,267785.2302716688,43.839586028460545,773
2001,R&B;,0.683783393501805,0.5449780986762933,0.5812596871239472,112.45711552346555,-8.42027196149218,0.5150421179302046,5.345367027677497,0.2557191395908544,0.01828385672683515,0.18282081829121538,0.09038363417569194,268972.1311672683,45.78219013237064,831
2006,R&B;,0.6916683738796416,0.5956862996158767,0.6149436619718307,113.58469526248406,-7.260577464788732,0.5390524967989757,5.678617157490397,0.23716173111395647,0.011197294417413572,0.17449483994878334,0.11823828425096021,254899.24071702946,49.44814340588989,781
2011,R&B;,0.648179936305733,0.6425270700636949,0.5523974522292989,116.69861783439494,-6.516277070063693,0.606687898089172,5.472929936305732,0.20756286464968166,0.01057395407643311,0.18947722929936325,0.11606560509554159,239724.4108280255,52.189490445859875,628
2016,R&B;,0.6040250965250966,0.5959519305019308,0.40936969111969107,118.8750559845561,-7.287727799227806,0.4826254826254826,5.328185328185328,0.25216260810810803,0.015452876621621623,0.21017123552123548,0.11781814671814672,249329.54247104248,56.88030888030888,518
2021,R&B;,0.6329999999999997,0.560698522167487,0.4281921182266014,117.54936453201964,-7.418916256157637,0.4975369458128079,5.192118226600985,0.29988034236453237,0.011675328423645317,0.17063423645320183,0.1357987684729065,218312.83251231528,66.08374384236453,406
1931,Country,0.449,0.32799999999999996,0.852,77.717,-12.29,1.0,10.0,0.759,4.12e-06,0.18899999999999997,0.0353,139053.0,0.0,1
1941,Country,0.6346739130434782,0.28389130434782606,0.6719565217391301,126.04641304347822,-12.549130434782608,0.9782608695652174,6.782608695652174,0.8981304347826082,0.06457220130434782,0.2121934782608695,0.04921739130434783,166450.69565217392,5.173913043478261,46
1946,Country,0.28535,0.1357,0.12154999999999999,104.376,-20.282,0.5,5.5,0.8955,0.135,0.14250000000000002,0.05725,306986.5,3.5,2
1951,Country,0.6285959595959597,0.33200202020202024,0.6887979797979796,127.99201010101004,-11.591707070707063,0.9595959595959596,5.474747474747475,0.7567373737373739,0.03611488515151517,0.18963030303030312,0.048663636363636374,169155.8686868687,8.191919191919192,99
1956,Country,0.6048244680851064,0.392122340425532,0.7027606382978728,117.78080851063841,-11.565712765957443,0.9414893617021277,5.207446808510638,0.6973713829787237,0.020369441063829787,0.1885861702127659,0.0471313829787234,159713.43085106384,10.76063829787234,188
1961,Country,0.5989535783365564,0.4169410058027081,0.6924522243713723,119.18911992263061,-10.922624758220495,0.9148936170212766,5.729206963249516,0.7206232108317212,0.057020239709864605,0.1863139264990329,0.054749903288201174,151318.73694390716,18.189555125725338,517
1966,Country,0.5696740237691001,0.3870066213921903,0.6330747028862483,115.39526485568761,-12.093704584040765,0.9371816638370118,5.213921901528013,0.6990558879456709,0.07761960561969444,0.18671171477079782,0.04833446519524617,157419.65365025468,21.517826825127333,589
1971,Country,0.5428200000000003,0.39526499999999987,0.6198477999999997,113.867292,-12.598689999999992,0.934,5.324,0.6421410600000003,0.02851966816,0.25293299999999996,0.08000940000000016,166656.3,27.632,500
1976,Country,0.5708387096774196,0.4294349999999997,0.6281080645161289,114.71328064516136,-12.555287096774192,0.9612903225806452,5.162903225806452,0.5772529838709686,0.045865825806451585,0.1873937096774192,0.045419677419354924,188649.55,31.698387096774194,620
1981,Country,0.582745233968804,0.4528045060658579,0.6070431542461014,115.88967590987872,-12.479790294627383,0.925476603119584,5.034662045060658,0.47758468630849216,0.05700679029462737,0.21111993067590956,0.04632149046793761,201782.2287694974,32.49740034662045,577
1986,Country,0.62417211328976,0.42050087145969534,0.6050577342047925,117.16217429193902,-13.628915032679753,0.9433551198257081,5.350762527233115,0.37314289760348585,0.006051714074074074,0.16093986928104573,0.03893267973856214,197758.94335511982,33.446623093681914,459
1991,Country,0.6127930367504836,0.46098239845261085,0.6085798839458416,120.73578916827849,-12.693870406189554,0.9555125725338491,5.4854932301740815,0.39271015473887805,0.01181850551257254,0.15732727272727248,0.04029709864603483,204514.8413926499,35.7678916827853,517
1996,Country,0.6211290322580645,0.5244325806451615,0.6155670967741942,123.46132903225798,-10.458841935483886,0.95,5.496774193548387,0.3755421596774196,0.0037462042419354807,0.1655222580645161,0.036862741935483875,204710.14516129033,40.737096774193546,620
2001,Country,0.5996290909090913,0.5438041818181819,0.5601447272727271,121.58845272727268,-9.14958727272728,0.9418181818181818,5.352727272727273,0.37533536363636316,0.014919286618181819,0.17774109090909082,0.03664145454545453,213136.59454545454,43.88727272727273,550
2006,Country,0.5743308823529407,0.6047902573529411,0.5383768382352936,122.57850183823535,-7.805976102941183,0.9393382352941176,5.3400735294117645,0.3209926856617645,0.002542854025735295,0.18892959558823508,0.04080680147058823,225040.01286764705,46.9797794117647,544
2011,Country,0.5758890675241161,0.6519212218649524,0.54678729903537,124.9316205787783,-6.833265273311896,0.9131832797427653,5.403536977491961,0.292516504823151,0.008973797604501607,0.18170289389067518,0.040192765273311865,223842.38263665594,49.61575562700965,622
2016,Country,0.5631951807228921,0.7302171084337343,0.5606667469879516,129.22660000000008,-5.702980722891567,0.8626506024096385,5.404819277108434,0.19149897590361448,0.00503807778313253,0.17491638554216873,0.04245686746987947,218209.4,54.436144578313254,415
2021,Country,0.5753982683982688,0.7020173160173155,0.5235670995670993,122.1540216450216,-5.795761904761906,0.8744588744588745,5.251082251082251,0.20434996536796546,0.0025369165367965353,0.16190519480519477,0.05075108225108227,204989.22943722943,64.73160173160173,231
1926,Jazz,0.5785,0.311,0.8200000000000001,145.22899999999998,-13.4205,0.5,6.0,0.9795,0.0996,0.1225,0.07345,198927.0,13.5,2
1931,Jazz,0.668375,0.307375,0.70025,120.90012499999999,-11.95775,0.875,5.875,0.9486250000000002,0.47437457499999997,0.16662499999999997,0.05938750000000001,181798.375,8.125,8
1936,Jazz,0.6020476190476189,0.3009047619047619,0.6577285714285714,136.11114285714288,-12.385333333333332,0.7142857142857143,4.095238095238095,0.9370476190476189,0.5297793666666667,0.22167619047619047,0.06521428571428572,184607.52380952382,3.238095238095238,21
1941,Jazz,0.5730594059405941,0.3218821782178217,0.6411336633663366,123.61698019801983,-12.665851485148517,0.594059405940594,4.9504950495049505,0.8898316831683173,0.4708393391089108,0.2245009900990099,0.07524059405940595,178699.81188118813,8.485148514851485,101
1946,Jazz,0.5455233644859815,0.3186130841121495,0.5608364485981309,126.72815887850464,-13.330018691588778,0.7009345794392523,4.4485981308411215,0.8637757009345798,0.4817157732710278,0.19229158878504665,0.07828224299065421,198646.52336448597,4.336448598130841,107
1951,Jazz,0.4782537313432836,0.26927611940298507,0.48583507462686565,112.16805223880591,-16.042261194029848,0.6865671641791045,5.059701492537314,0.9077313432835821,0.5528960485074627,0.24950597014925377,0.0713432835820895,226493.59701492538,5.507462686567164,134
1956,Jazz,0.5199371584699456,0.30932484517304176,0.507143442622951,113.12064845173047,-14.393235883424394,0.599271402550091,4.895264116575592,0.835079143897997,0.4705372540892532,0.20744617486338807,0.05424234972677597,250091.40801457193,10.758652094717668,1098
1961,Jazz,0.5185005257623561,0.28285815983175583,0.4740432702418512,112.06669716088341,-15.264808096740284,0.580441640378549,4.723449001051525,0.7757429547844374,0.3419053687276548,0.17476083070452156,0.05902413249211351,304632.8422712934,18.30651945320715,1902
1966,Jazz,0.49344666666666664,0.31467206666666653,0.4397696666666668,111.01728333333347,-15.1621575,0.5483333333333333,4.8575,0.7475465666666673,0.3617994870833332,0.19885608333333343,0.05012291666666669,333098.9116666667,21.201666666666668,1200
1971,Jazz,0.5000552325581397,0.41304476744186047,0.4945456395348836,114.63491279069764,-14.235738372093023,0.5784883720930233,5.15406976744186,0.6119461046511631,0.42680573476744194,0.17786017441860455,0.04813459302325583,355143.29941860464,28.65988372093023,344
1976,Jazz,0.5049735999999999,0.5339224399999998,0.5838363999999997,117.15300799999997,-13.065212000000006,0.564,5.212,0.4682236383999999,0.5037387936400002,0.17226680000000003,0.0537692,417616.972,32.356,250
1981,Jazz,0.5492109375000002,0.4936330468750001,0.5811613281250001,112.89516015625,-13.846238281249997,0.55078125,5.390625,0.45753773437499995,0.4782059948437501,0.15551679687499997,0.04899921874999997,354002.98828125,32.8671875,256
1986,Jazz,0.5862740740740742,0.436402962962963,0.5591674074074074,110.03575555555555,-14.854533333333324,0.6074074074074074,5.503703703703704,0.47198651851851836,0.4176861147407407,0.18887851851851853,0.08468888888888888,315800.56296296295,34.992592592592594,135
1991,Jazz,0.5202808988764044,0.37492056179775274,0.4709955056179776,113.5811516853932,-14.168185393258415,0.6292134831460674,5.47191011235955,0.5856089325842697,0.335893320280899,0.15569887640449442,0.047080898876404494,298539.9831460674,35.12359550561798,178
1996,Jazz,0.5262083333333333,0.3601783333333333,0.46484583333333346,110.20041666666663,-14.292275000000005,0.55,5.208333333333333,0.6007760583333329,0.2879981524166666,0.1518533333333334,0.05705166666666666,282577.375,41.44166666666667,120
2001,Jazz,0.5623058823529411,0.39290705882352944,0.49514235294117653,120.46301176470588,-12.746599999999997,0.5764705882352941,4.741176470588235,0.5797267058823526,0.4280508130588236,0.12416117647058826,0.05476705882352942,304661.4823529412,44.04705882352941,85
2006,Jazz,0.5337586206896551,0.39634482758620687,0.4485120689655171,115.34318965517238,-13.227189655172417,0.46551724137931033,5.5,0.6109905172413792,0.3773089339655172,0.15933275862068969,0.051810344827586195,285845.8793103448,46.741379310344826,58
2011,Jazz,0.52865,0.4941650000000001,0.4538575000000001,107.3084,-9.817100000000002,0.475,4.3,0.5318550000000001,0.287000001,0.18297750000000004,0.05136,262592.95,48.85,40
2016,Jazz,0.5579285714285714,0.4857857142857143,0.42742857142857144,106.04214285714286,-9.730857142857143,0.7142857142857143,4.5,0.49642857142857144,0.17702417214285715,0.15961428571428574,0.05330714285714285,280657.85714285716,51.92857142857143,14
2021,Jazz,0.688,0.5005,0.4555,160.1125,-5.3405000000000005,0.5,0.5,0.446,9.35e-06,0.3675,0.21610000000000001,183614.5,67.5,2
1926,Vocal,0.501,0.07035,0.4125,109.084,-13.901499999999999,0.5,1.5,0.9495,0.007002934999999999,0.36400000000000005,0.0427,187520.0,1.5,2
1931,Vocal,0.5236176470588234,0.12735294117647059,0.4104264705882353,104.82764705882354,-18.05152941176471,0.7941176470588235,5.294117647058823,0.9723529411764704,0.10288751794117647,0.17489117647058827,0.08865588235294118,186225.67647058822,4.176470588235294,34
1936,Vocal,0.619728323699422,0.22285520231213876,0.588608092485549,111.61562716763011,-12.820595375722544,0.6589595375722543,5.280346820809249,0.9210000000000002,0.032618012947976886,0.2037916184971099,0.06350722543352606,176709.4768786127,11.621387283236995,346
1941,Vocal,0.5884394904458601,0.23719490445859878,0.5784455414012737,108.6874713375796,-13.373636942675162,0.6592356687898089,5.328025477707007,0.9141847133757978,0.05064613,0.20981815286624197,0.0655175159235669,175537.41719745222,4.592356687898089,314
1946,Vocal,0.4882330097087379,0.2552916990291263,0.48974757281553405,113.38756310679614,-13.48600000000001,0.7378640776699029,5.29126213592233,0.887946601941747,0.054714281699029116,0.2781150485436895,0.07675291262135926,176557.6941747573,12.490291262135923,206
1951,Vocal,0.41005509641873267,0.21995344352617058,0.37197134986225916,109.28172176308537,-13.731002754820933,0.7355371900826446,5.245179063360881,0.900600550964187,0.02281825537190083,0.20265123966942133,0.05192617079889805,179438.12121212122,9.650137741046832,363
1956,Vocal,0.43301981505944537,0.21347653896961707,0.3817095112285336,107.78825363276091,-13.671656538969604,0.7331571994715984,5.166446499339498,0.8828692206076624,0.026285479484808413,0.21474306472919424,0.0622992073976222,179407.31836195508,11.652575957727873,757
1961,Vocal,0.43152068181818104,0.2204554886363637,0.3733360227272731,109.03248181818186,-14.406086931818184,0.6948863636363637,5.311931818181818,0.8317659659090914,0.013642136130681833,0.20429965909090966,0.05923954545454545,195875.13011363638,19.75625,1760
1966,Vocal,0.41577567298105705,0.2765040578265205,0.4212886340977063,109.22405184446666,-13.598769690927215,0.7387836490528414,5.143569292123629,0.7826071784646063,0.008520864915254242,0.20737726819541366,0.0495497507477567,179119.89531405782,22.935194416749752,1003
1971,Vocal,0.4159688679245282,0.36400919811320775,0.4473841981132073,110.64116981132074,-12.362915094339643,0.7264150943396226,5.507075471698113,0.7248205424528299,0.020117623749999997,0.25777924528301904,0.06047995283018869,195891.2783018868,31.662735849056602,424
1976,Vocal,0.42788888888888865,0.37086507936507945,0.4749666666666667,114.82179365079365,-13.295769841269838,0.6904761904761905,4.761904761904762,0.6594944444444447,0.023889868809523807,0.2108309523809524,0.06504603174603175,219965.82539682538,35.333333333333336,126
1981,Vocal,0.5029616666666664,0.38697749999999986,0.4926466666666666,116.44205000000002,-14.467391666666666,0.7,4.741666666666666,0.5218325000000001,0.022051686083333334,0.2511833333333333,0.06189333333333332,245599.5,35.99166666666667,120
1986,Vocal,0.50796,0.38293066666666664,0.47486266666666666,112.67894666666669,-13.915760000000006,0.6933333333333334,4.986666666666666,0.5915902666666668,0.00766981693333333,0.17323200000000005,0.05283066666666668,238085.58666666667,36.96,75
1991,Vocal,0.47666141732283474,0.2797297637795277,0.43305511811023617,111.66387401574808,-14.65942519685039,0.7086614173228346,5.566929133858268,0.7528669291338579,0.04872127629921259,0.169144094488189,0.05627244094488189,205056.71653543308,38.37795275590551,127
1996,Vocal,0.47892941176470616,0.23625980392156867,0.4423676470588236,113.60899019607845,-14.275813725490192,0.7647058823529411,5.421568627450981,0.7929196078431368,0.013623883921568627,0.20824019607843133,0.06188235294117647,198554.9705882353,41.529411764705884,102
2001,Vocal,0.5118902439024388,0.2685512195121952,0.4421756097560975,107.58114634146338,-13.634621951219506,0.6829268292682927,5.2560975609756095,0.7435109756097563,0.025082225000000003,0.20877804878048795,0.06839634146341464,205349.3780487805,45.58536585365854,82
2006,Vocal,0.48202985074626875,0.3796791044776118,0.39600447761194035,117.89443283582092,-10.258179104477609,0.7014925373134329,4.656716417910448,0.7025522388059701,0.0019148732835820895,0.171565671641791,0.057965671641791054,212954.35820895524,49.014925373134325,67
2011,Vocal,0.48412820512820515,0.3682743589743589,0.3787358974358975,116.8886923076923,-10.713589743589742,0.717948717948718,5.461538461538462,0.6773856410256409,0.029983117179487182,0.20565897435897434,0.038710256410256404,219679.97435897434,52.64102564102564,39
2016,Vocal,0.462,0.40909642857142864,0.4233928571428572,109.07960714285716,-9.194928571428573,0.8214285714285714,4.75,0.7005678571428574,0.0008241253571428572,0.18593214285714285,0.04895357142857142,202086.25,56.714285714285715,28
2021,Vocal,0.4033333333333333,0.459,0.24899999999999997,119.48666666666666,-6.696999999999999,0.6666666666666666,7.0,0.7286666666666667,0.00021166666666666667,0.10153333333333332,0.034300000000000004,221906.66666666666,77.0,3
1941,Latin,0.522,0.665,0.815,118.786,-7.876,1.0,11.0,0.836,0.19699999999999998,0.7809999999999999,0.127,173756.0,1.0,1
1946,Latin,0.5597037037037036,0.48469407407407394,0.7968518518518519,120.30022222222223,-9.15488888888889,0.6666666666666666,5.555555555555555,0.7834444444444445,0.03184490555555555,0.1695259259259259,0.1182444444444444,162085.92592592593,0.4444444444444444,27
1951,Latin,0.6137196261682245,0.4348971962616822,0.6704018691588786,115.48185981308407,-11.276018691588789,0.6448598130841121,4.682242990654205,0.8237785046728973,0.32512981130841123,0.20257570093457947,0.05493738317757007,169024.52336448597,12.037383177570094,107
1956,Latin,0.4968235294117647,0.4524970588235295,0.6420196078431373,118.78440196078424,-9.231186274509804,0.696078431372549,5.098039215686274,0.8171372549019613,0.1371631055882353,0.2348980392156862,0.056331372549019605,167081.5588235294,9.470588235294118,102
1961,Latin,0.4890909090909091,0.3543390909090908,0.6035227272727278,110.73667727272733,-11.697372727272734,0.7318181818181818,4.777272727272727,0.756881818181818,0.049770742181818164,0.22259181818181817,0.049908181818181775,170840.49545454545,21.613636363636363,220
1966,Latin,0.5602035398230085,0.45209778761061964,0.6797035398230087,113.86573893805304,-11.889433628318596,0.6150442477876106,5.424778761061947,0.6974349557522126,0.09424730411504426,0.1971168141592921,0.05593893805309735,181800.65486725664,24.831858407079647,226
1971,Latin,0.5290638297872339,0.4509268085106383,0.6782459574468083,115.23562553191492,-10.877268085106381,0.6510638297872341,5.323404255319149,0.5985680851063833,0.13423695817021272,0.17620297872340415,0.04367319148936166,192943.16170212766,31.88936170212766,235
1976,Latin,0.5352355371900823,0.5041549586776861,0.6749066115702478,118.29283057851246,-9.70554545454546,0.6694214876033058,5.466942148760331,0.5429471074380169,0.07465614132231399,0.1970958677685951,0.054418595041322314,231274.79752066114,35.85537190082645,242
1981,Latin,0.5110000000000001,0.4696587755102041,0.6040938775510206,117.56298775510211,-9.734848979591836,0.6693877551020408,5.420408163265306,0.5603167346938773,0.045951498530612235,0.19454938775510194,0.05307918367346937,242134.53469387756,40.96734693877551,245
1986,Latin,0.6111333333333334,0.5042422222222217,0.6862149999999998,118.35885000000002,-10.81914444444444,0.7333333333333333,5.061111111111111,0.5148490277777775,0.04274966388888887,0.19002000000000002,0.05612249999999999,225020.40555555557,41.325,360
1991,Latin,0.5925719921104543,0.5694591715976327,0.6676319526627216,122.20033136094672,-9.6423865877712,0.7041420118343196,5.076923076923077,0.46102233721893515,0.029567181380670604,0.1884118343195267,0.049678106508875726,242450.6627218935,43.78303747534517,507
1996,Latin,0.6129516908212561,0.5584848631239938,0.690578582930757,121.20761352657011,-9.017753623188419,0.7665056360708534,5.27536231884058,0.39452070225442815,0.013962138180354265,0.18219339774557167,0.05504396135265701,231002.69887278584,46.96779388083736,621
2001,Latin,0.6150863636363639,0.6076681818181822,0.6483788636363644,120.758259090909,-8.016452272727266,0.7204545454545455,5.3090909090909095,0.4142928477272729,0.018381794409090914,0.19366159090909088,0.04795045454545457,242896.83636363636,49.731818181818184,440
2006,Latin,0.6646923076923078,0.6456461538461536,0.6669867374005309,119.64937400530512,-7.13277984084881,0.6710875331564987,5.355437665782493,0.3238432095490716,0.010714358965517243,0.171033421750663,0.059336074270557065,235027.92838196288,53.785145888594165,377
2011,Latin,0.6591869158878504,0.6845794392523364,0.6725199376947042,124.1654174454829,-6.4198878504672905,0.6199376947040498,4.7725856697819315,0.3120844361370717,0.007891590965732088,0.19488504672897197,0.06545451713395635,239091.2710280374,56.925233644859816,321
2016,Latin,0.6635714285714286,0.6761972727272727,0.6811558441558445,126.58363636363637,-6.108272727272728,0.6558441558441559,5.116883116883117,0.34682876623376624,0.014334060129870131,0.21190714285714285,0.06329610389610395,231672.77272727274,59.66883116883117,154
2021,Latin,0.726515337423313,0.7278036809815951,0.6594907975460121,119.94729447852761,-4.590871165644173,0.48466257668711654,6.134969325153374,0.22650147239263801,0.004601129202453989,0.17695521472392634,0.11132085889570557,227166.8527607362,58.263803680981596,163
1926,Classical,0.3755,0.1891,0.497,143.0285,-19.2815,1.0,3.0,0.9925,0.34885,0.3925,0.040650000000000006,234687.0,0.0,2
1931,Classical,0.35000000000000003,0.20600000000000002,0.22125,92.178,-13.955499999999999,0.5,7.5,0.98275,0.045083084999999995,0.255,0.08654999999999999,200602.5,0.5,4
1936,Classical,0.3246,0.18432350000000003,0.34020500000000004,111.36555000000001,-17.29015,0.9,4.9,0.88235,0.4758265,0.20088999999999996,0.043815,323183.4,0.05,20
1941,Classical,0.3548384615384616,0.14172153846153845,0.3840015384615382,112.62396153846146,-18.439369230769238,0.9,4.946153846153846,0.950215384615384,0.4747114615384615,0.17001846153846156,0.04278692307692309,387690.73846153845,0.007692307692307693,130
1946,Classical,0.3602942857142859,0.16057142857142856,0.29834095238095226,100.19824761904762,-18.822009523809534,0.8476190476190476,5.314285714285714,0.960742857142857,0.3793137144761906,0.20577714285714294,0.06437809523809525,260006.7619047619,0.45714285714285713,105
1951,Classical,0.334048268398269,0.1669026515151515,0.27803484848484833,108.62076839826837,-18.644761904761907,0.7835497835497836,4.707792207792208,0.9336731601731605,0.47681285428571424,0.1944099567099567,0.05447813852813853,313724.9935064935,0.9567099567099567,462
1956,Classical,0.36520632911392387,0.1701161392405064,0.26850864978902944,103.35019831223633,-18.419314345991562,0.810126582278481,4.993670886075949,0.9612215189873423,0.26769817449367084,0.23561814345991552,0.09586518987341776,252660.05274261604,4.843881856540085,474
1961,Classical,0.3330571090047395,0.22935485781990556,0.4544002369668246,106.83798341232219,-20.672526066350702,0.6232227488151659,4.988151658767772,0.9290710900473936,0.7172210755687203,0.19239336492890974,0.059260663507109027,245333.8625592417,16.123222748815166,422
1966,Classical,0.3201348214285714,0.2150631249999999,0.360421875,104.2058660714285,-19.66786160714287,0.6651785714285714,4.138392857142857,0.8915312499999993,0.615660091875,0.19116562499999995,0.07021696428571432,282107.74553571426,19.151785714285715,224
1971,Classical,0.3253633333333334,0.18056,0.3246533333333334,103.04123333333332,-20.315833333333337,0.7666666666666667,4.8,0.9283000000000002,0.5856950466666667,0.14925000000000005,0.07568666666666665,425587.9666666667,26.733333333333334,30
1976,Classical,0.2563,0.22718333333333338,0.2266266666666666,100.99443333333332,-16.86446666666667,0.8666666666666667,4.866666666666666,0.943,0.3928131663333333,0.18569000000000002,0.04488,289990.26666666666,33.43333333333333,30
1981,Classical,0.27584081632653057,0.15457795918367345,0.1879877551020408,109.21732653061224,-19.97391836734694,0.7551020408163265,5.73469387755102,0.9352653061224488,0.5753183965306122,0.18238367346938775,0.04614489795918368,309189.85714285716,32.795918367346935,49
1986,Classical,0.3405843750000001,0.1537094791666667,0.4080843750000001,106.0040104166667,-23.589479166666674,0.78125,5.416666666666667,0.9703333333333332,0.7507395937499998,0.14479583333333332,0.044686458333333345,267477.71875,33.885416666666664,96
1991,Classical,0.2743644444444444,0.09767266666666669,0.1853533333333333,114.90299999999999,-22.45448888888889,0.7777777777777778,4.288888888888889,0.9648666666666669,0.6992299424444444,0.13396,0.042326666666666665,405870.15555555554,41.955555555555556,45
1996,Classical,0.3005162790697673,0.12223837209302327,0.21980697674418606,104.77802325581398,-21.80967441860465,0.8372093023255814,5.674418604651163,0.9358372093023261,0.5725494904651162,0.12441627906976743,0.04673488372093023,372057.23255813954,44.74418604651163,43
2001,Classical,0.25243461538461537,0.15996911538461542,0.16725384615384614,102.95330769230769,-22.265961538461543,0.7692307692307693,5.230769230769231,0.9026923076923079,0.4249309846153846,0.1604923076923077,0.048557692307692295,372520.5,46.65384615384615,26
2006,Classical,0.32897692307692306,0.12226576923076923,0.24209230769230766,113.76226923076923,-24.012807692307685,0.8846153846153846,5.269230769230769,0.9064115384615383,0.6346778461538461,0.11939615384615386,0.04291153846153845,338428.6923076923,48.57692307692308,26
2011,Classical,0.3095,0.24596,0.20681,88.23490000000001,-19.495799999999996,0.7,4.0,0.8500000000000002,0.44506355100000006,0.11912999999999999,0.03755,355164.0,54.3,10
2016,Classical,0.3313333333333333,0.158775,0.08501666666666667,104.76533333333334,-24.8305,0.3333333333333333,4.666666666666667,0.7596666666666666,0.9095000000000001,0.15953333333333333,0.04668333333333333,166736.33333333334,56.333333333333336,6
2021,Classical,0.321,0.050115,0.093,140.304,-30.944499999999998,0.5,5.5,0.9950000000000001,0.9025000000000001,0.10225000000000001,0.044,126187.0,62.5,2
1946,Folk,0.5383333333333333,0.18366666666666667,0.5239999999999999,111.64466666666665,-15.316666666666668,1.0,8.0,0.9263333333333333,2.7099999999999998e-05,0.12233333333333335,0.043300000000000005,182173.33333333334,0.3333333333333333,3
1951,Folk,0.7098666666666668,0.16967333333333331,0.7262,115.8086,-15.3512,0.6666666666666666,5.666666666666667,0.8132666666666668,0.000151824,0.12156666666666667,0.11329333333333332,136584.26666666666,16.733333333333334,15
1956,Folk,0.5567428571428573,0.1663852857142857,0.5742071428571426,113.06695714285716,-18.366928571428566,0.6857142857142857,5.614285714285714,0.9185071428571421,0.05276611199999997,0.15831285714285714,0.10611071428571428,133673.33571428573,6.185714285714286,140
1961,Folk,0.5398031914893617,0.24870590425531922,0.571042553191489,117.98194680851061,-14.21613297872341,0.7553191489361702,5.223404255319149,0.8530851063829785,0.021030603138297858,0.17730478723404255,0.09219946808510639,167570.585106383,14.186170212765957,188
1966,Folk,0.5238435754189946,0.28833578212290517,0.5175536312849162,116.93734916201112,-14.936572625698338,0.8156424581005587,5.016759776536313,0.7690645251396644,0.07733473653631286,0.1665069832402234,0.0550617318435754,187414.35754189943,21.6731843575419,358
1971,Folk,0.5017857142857141,0.29749586466165423,0.4878921052631579,113.54158270676689,-14.87785714285714,0.8157894736842105,4.7330827067669174,0.6723898909774435,0.10446538624060153,0.16309511278195488,0.04404097744360906,216638.44360902256,28.398496240601503,266
1976,Folk,0.533655172413793,0.3461844827586208,0.5269712643678157,113.1456609195403,-14.467419540229889,0.8563218390804598,5.183908045977011,0.655125977011494,0.12271323775862068,0.1763218390804598,0.04017988505747127,216673.83908045976,32.62643678160919,174
1981,Folk,0.5276538461538464,0.30045641025641023,0.5267820512820512,115.33579487179489,-16.00430769230769,0.8333333333333334,5.358974358974359,0.6916564102564104,0.008914927435897443,0.40615641025641036,0.10093076923076925,220098.28205128206,30.487179487179485,78
1986,Folk,0.49853333333333333,0.25070666666666663,0.4632,138.17713333333333,-14.223199999999999,0.7333333333333333,4.866666666666666,0.7737333333333333,0.05288908733333333,0.23442000000000002,0.13196666666666668,228723.4,29.133333333333333,15
1991,Folk,0.5207142857142856,0.2507228571428571,0.4884914285714286,117.42614285714288,-16.75991428571428,0.7428571428571429,5.114285714285714,0.7558508571428572,0.09649693771428572,0.22637428571428567,0.054139999999999994,226573.57142857142,34.885714285714286,35
1996,Folk,0.49784000000000006,0.335916,0.40580000000000005,112.37112,-12.3828,0.8,5.24,0.6151439999999999,0.022325944,0.196324,0.037888000000000005,287326.08,34.8,25
2001,Folk,0.5489189189189189,0.3107459459459459,0.5283783783783785,119.86470270270267,-14.076594594594592,0.8108108108108109,5.621621621621622,0.7382270270270268,0.07807692459459459,0.1604864864864865,0.043221621621621624,193492.54054054053,40.648648648648646,37
2006,Folk,0.5414482758620689,0.3175103448275862,0.38828620689655174,121.48944827586209,-12.126620689655173,0.8620689655172413,4.827586206896552,0.6068586206896552,0.07696671620689656,0.15384482758620693,0.03951724137931035,254321.8620689655,46.55172413793103,29
2011,Folk,0.5158333333333334,0.4725,0.512625,112.884,-10.2235,0.9166666666666666,5.416666666666667,0.5503333333333332,0.015979375,0.292925,0.035825,250657.66666666666,46.0,12
2016,Folk,0.582125,0.4525,0.56875,114.05600000000001,-9.926999999999998,0.75,6.875,0.6926250000000002,0.046307301249999995,0.244,0.0356625,259617.375,47.625,8
1931,International,0.6845555555555555,0.49300000000000005,0.933,116.36555555555557,-8.195222222222222,0.6666666666666666,5.666666666666667,0.9228888888888888,0.07157833777777776,0.15838888888888888,0.13464444444444446,179719.77777777778,2.2222222222222223,9
1941,International,0.42724999999999996,0.4320833333333332,0.7478333333333333,136.22116666666668,-10.95675,0.5,5.333333333333333,0.932,0.11187898916666668,0.24765833333333334,0.06769166666666666,231768.58333333334,3.0833333333333335,12
1946,International,0.48199999999999993,0.4027035087719299,0.6000175438596491,116.3476666666667,-11.44738596491228,0.5964912280701754,5.7368421052631575,0.9300701754385962,0.3606992443859649,0.23736140350877202,0.13190350877192986,243177.36842105264,1.5263157894736843,57
1951,International,0.5419333333333333,0.303331282051282,0.6807179487179488,111.84255384615386,-11.795082051282051,0.6820512820512821,5.076923076923077,0.9453948717948719,0.19831666856410254,0.217068717948718,0.11128615384615383,212139.78974358973,1.2564102564102564,195
1956,International,0.5302195845697324,0.2910175074183978,0.6748041543026708,115.52166172106821,-12.375676557863502,0.6884272997032641,4.750741839762611,0.9569139465875388,0.27125884537091993,0.20434391691394663,0.11431216617210681,205052.84866468844,1.5222551928783383,337
1961,International,0.5330804597701146,0.4447517241379309,0.6479758620689655,122.17639080459767,-11.528896551724134,0.7126436781609196,4.67816091954023,0.7592068965517241,0.13864416022988507,0.21652528735632182,0.09024597701149425,286211.8275862069,13.74712643678161,87
1966,International,0.48890322580645157,0.425066129032258,0.6685322580645162,123.09859677419354,-12.242838709677422,0.6774193548387096,5.129032258064516,0.8702903225806451,0.12932120790322582,0.3793790322580646,0.1202225806451613,237078.17741935485,21.370967741935484,62
1971,International,0.49922388059701506,0.5062641791044774,0.6174328358208957,111.62998507462686,-11.018074626865674,0.6865671641791045,5.373134328358209,0.6850761194029852,0.13602311597014927,0.21455820895522393,0.08226119402985074,254319.28358208956,33.3134328358209,67
1976,International,0.5305645161290321,0.5623064516129035,0.6339516129032258,114.95454838709678,-10.518499999999998,0.5806451612903226,6.145161290322581,0.4977709677419356,0.1467096935483871,0.19585645161290322,0.06748870967741936,392599.8548387097,31.838709677419356,62
1981,International,0.6300259740259742,0.4909610389610391,0.6037298701298702,111.622012987013,-12.090545454545452,0.6623376623376623,5.1688311688311686,0.4561379999999999,0.13018177935064934,0.17098701298701294,0.06526103896103895,366239.8441558442,37.467532467532465,77
1986,International,0.6266953125000001,0.5244843750000001,0.6488437499999998,118.67800781250006,-12.16903125,0.65625,5.5859375,0.4033372812499999,0.058203534375,0.19047109375,0.06625078124999999,335779.8984375,38.2265625,128
1991,International,0.6580630630630631,0.5627466666666666,0.652335135135135,121.31187387387392,-12.333018018018024,0.7117117117117117,4.63963963963964,0.3140245945945946,0.040926148468468475,0.18610540540540543,0.05932612612612612,316978.0900900901,40.73873873873874,111
1996,International,0.643228070175439,0.5951877192982458,0.5209578947368422,115.20319298245609,-9.878052631578946,0.7017543859649122,5.719298245614035,0.32128600000000007,0.08694257701754383,0.16180877192982457,0.06258947368421051,293927.7368421053,43.10526315789474,57
2001,International,0.6031714285714286,0.5476485714285714,0.5616885714285714,109.52762857142856,-10.505057142857144,0.6285714285714286,5.714285714285714,0.4672962857142857,0.18435141714285713,0.12241714285714289,0.045177142857142846,289713.1142857143,45.94285714285714,35
2006,International,0.5820384615384613,0.6148461538461538,0.5531384615384616,111.32523076923079,-9.406846153846153,0.6153846153846154,5.346153846153846,0.38596923076923073,0.07372661384615384,0.1667807692307692,0.0881,268890.6153846154,49.84615384615385,26
2011,International,0.6256451612903229,0.7403225806451611,0.6175483870967741,123.02325806451613,-6.316161290322582,0.6774193548387096,5.709677419354839,0.24648054838709688,0.022625567741935484,0.15871612903225804,0.04108709677419356,271335.0967741936,54.45161290322581,31
2016,International,0.6056000000000001,0.5038199999999999,0.6472,126.19800000000001,-11.9024,0.6,4.2,0.42060000000000003,0.045799999999999993,0.14923999999999998,0.09380000000000001,259814.6,54.6,5
2021,International,0.777,0.7,0.802,122.94,-11.045,1.0,1.0,0.235,8.02e-06,0.836,0.0869,188613.0,60.0,1
